8699786030367
8699502121201
8699546095100
8699502091320
8699514120070
8699976040046
8699546099429
8699786030114
8699525284624
8699786570207
8699525094681
8699514030034
8699820010058
8699522355426
8699546575114
8699502092167
8699525150103
8699525094667
8699738480011
8699502750500
8699587031341
8699786090286
8699820010324
8699548123221
8699569350019
8699738340544
8699820010126
8699786030374
8699569380061
8699786751408
8699820010331
8699505950570
8699673954257
8699505092478
8699591350292
8699490579015
8699543160023
8699522385522
8699704711149
8699502751309
8699738380700
8699546115198
8699505751047
8699505751399
8699546095131
8699556770035
8699536570013
8699788750270
8699522386321
8699580570083
8699456790010
8699525105790
8699788750294
8699556520210
8697929041034
8699525754615
8699517091032
8699514016908
8699545796190
8699538012962
8699522356317
8699772570525
8699522490462
8699786010406
8699525754653
8699548093159
8699033080367
8699738380601
8699738340049
8699522356331
8699828570226
8699569480013
8699512540016
8699543010137
8699786030107
8699546575077
8699522386345
8697932020682
8699502092150
8699730920119
8699726093308
8699546755141
8699546755141
8699844760809
8699522480432
8699786030305
8699541273404
8699546799169
8699518090102
8699828090434
8699828090854
8699514093619
8699525094643
8699730650238
8699726093100
8699738980511
8699760610080
8699543010212
8699505101385
8699673954240
8699738980467
8699673170206
8699795090734
8699795090635
8699593035524
8699673098104
8699504120097
8699514093251
8699790030346
8699559090024
8699514759188
8699522705009
8699504090406
8699514096375
8699552090458
8699809950535
8699514159162
8699578090425
8699543010151
8699525093141
8699809950320
8699514096368
8699536090498
8699546130238
8699559090314
8699504090659
8699510572729
8699673170213
8699578090432
8699795090567
8699532011114
8699546029327
8699514039273
8699822030245
8699552090489
8699580090413
8699514091813
8699552090113
8699505092768
8699786092761
8699536150321
8699559120011
8699809950337
8699636090251
8699522705160
8699569091998
8699566093391
8699809950696
8699569090311
8699545120728
8699673098142
8699593035531
8699569280439
8699786090040
8697928020184
8699587751324
8699593035517
8699525093059
8699517090219
8699556790057
8699536550039
8699673098111
8699566093384
8699508750405
8697928020146
8699514091837
8699786770201
8699522348855
8699708340468
8699708340253
8699502270107
8699552010562
8699790010577
8699510190404
8699809091108
8699536280127
8699545122081
8680760570023
8699532011121
8699546350940
8699536090511
8699514599197
8699536280110
8699552090472
8681735980076
8699786090187
8699777342035
8699795750201
8680150570053
8699552090465
8699508280148
8699514093268
8699636090794
8699514440703
8699516028565
8699532097484
8699517090226
8699772090467
8699525013866
8699522345311
8699622270025
8699525750556
8697929021364
8699532010865
8697929090421
8699525750426
8699552090519
8699543010045
8699543090092
8699759010020
8699525590435
8699976150745
8699514015369
8699820570217
8699525750228
8699532351869
8699809011649
8699587351661
8699262160014
8699505012728
8699566125429
8699033010128
8697933020254
8699565093606
8699565093620
8699525093493
8699262340010
8699809037786
8699502570764
8699717090293
8699809098558
8699525094704
8699790750251
8699508270354
8699591340019
8699680090313
8699820120030
8699525150448
8699514129110
8699532270818
8699525272355
8699514344421
8697933020285
8699552030072
8699514154464
8699809575158
8699514030027
8699504090758
8699552030058
8699809018105
8699522155255
8699514016717
8699704106990
8699820030360
8699759090022
8699809010505
8699580010329
8699580010329
8699532090744
8699522490738
8697929021371
8699525010209
8699516012021
8699525750495
8699536090320
8699525010179
8699525095756
8699508120086
8699543750019
8699502091108
8699525010186
8697929090049
8699514042723
8699525610010
8697929570039
8699828090823
8699809011625
8699593815034
8699525093509
8699532178169
8699525754745
8699525162571
8699527150125
8699636750278
8699552030065
8699820010065
8699505751689
8699514096467
8699505751801
8699522356294
8680760340015
8699508270361
8699262160021
8699759010013
8699523340087
8699525092717
8699593815027
8699548013010
8699536091990
8699541791700
8699508270378
8699569090564
8699514010890
8699504091205
8699546095933
8699717280175
8699786354449
8699525150585
8699516151164
8699756150309
8699808010032
8699540091139
8699504350159
8699726095500
8699504610031
8699541095211
8699541095143
8699527011013
8699502092891
8699561460075
8699527093873
8699586152276
8699795090666
8699504810455
8699514090557
8699586462443
8699673098166
8699561350062
8699790380427
8699546091959
8699543090504
8699516350680
8680008010120
8699561340094
8699717150027
8699584010073
8699579190056
8699572170048
8699638012053
8699536090252
8699790380304
8699676090266
8699572950022
8699814750205
8699572170079
8699808010056
8699514096535
8699516281199
8699510611718
8697927550606
8699759011027
8699540091115
8699504150308
8699569090489
8699514139508
8699536090269
8699262160083
8699570010148
8699043890284
8699540030015
8696875610110
8699504810509
8699586282263
8699556120014
8699556260048
8699516286934
8699808010063
8699516015152
8699561460068
8699808010049
8699844750084
8699525287489
8699569090076
8699828190097
8699769790035
8699504091199
8699525890597
8699525750600
8699502151512
8699516015176
8699536030050
8699587012869
8699790480288
8699828090489
8699769090012
8699769090012
8699543090528
8699504011371
8697936091008
8699541093507
8699523090463
8699569610045
8699541092302
8699536090290
8699790350291
8699525287465
8699586282256
8699756750028
8699809156661
8699774750178
8699572170031
8699522356522
8699525157508
8699586700057
8699508010509
8699832340013
8699772350493
8699504550252
8699514092476
8699516094171
8699532151353
8699552030201
8699502380103
8699504090253
8699586090264
8699689161113
8699504340013
8699514595571
8699514755555
8699514592556
8699514575535
8699582690017
8699636010723
8699809010178
8699522967506
8680741550235
8699514097594
8699514095613
8699689571127
8699697650050
8699514350019
8699591650224
8699514610151
8699543090030
8699522543014
8699569130017
8699525010643
8699636010785
8699514352853
8699760710018
8699532010728
8699522272129
8699532340702
8699540180222
8699593755378
8699540280403
8699591150298
8699543090047
8699587011398
8699514655657
8699527520034
8699844690441
8699525285591
8699525648082
8699516094164
8699578091026
8699523570033
8680008340036
8699522601264
8699822520173
8699889350010
8699525770660
8699504550207
8699532151407
8699820090029
8699809132719
8699809132702
8699569350118
8699543010281
8699708090028
8680741550204
8699514750079
8699569270065
8699522521517
8699525518095
8699522553594
8699566344288
8699540180208
8699523200015
8699586690051
8699769980047
8699508150205
8699795750232
8699525750624
8699536090214
8698622750094
8699514382867
8699760750021
8699522521500
8699522523603
8699578151065
8699525095565
8699514350088
8699759950029
8699772157054
8699786950023
8699324010011
8699689591095
8699582090046
8698747570010
8699569170068
8699536030012
8697929022163
8699689161083
8699569090717
8699504091489
8699783010249
8699808090010
8699504091014
8699504150803
8699503030120
8699828140023
8699514100089
8699514090465
8699578091231
8699523340070
8699566096385
8699808090133
8699508750641
8699548152719
8699584900473
8699569090366
8699777790140
8699504011395
8697621790087
8699584090044
8699680090474
8699545906063
8699508750139
8699749140027
8699504091458
8699676790326
8699808090027
8699530900014
8699530900014
8699569610106
8699828010418
8699546100354
8699545120346
8699514091073
8699525447630
8699569091608
8699523510015
8697621950528
8699569570035
8699546011827
8699508610020
8699566096392
8699638093267
8699612000083
8699510190107
8699523010010
8699543010304
8699532431783
8699777950285
8699586792090
8690570700039
8699636950104
8699293151265
8699548151637
8699569010586
8699502151352
8699546010417
8699293151241
8699612870013
8699516097851
8699584900374
8681697570032
8699523750015
8690570700046
8699508750122
8699546014750
8699523010027
8699545776475
8699523570019
8681308957795
8699582790427
8699578091224
8681308957801
8699546778638
8699638152551
8699569091530
8699523010409
8699569010517
8699566096293
8699265150043
8699777950292
8699543010328
8699584900251
8699736690016
8699548152702
8699530360016
8699530360016
8699523010263
8699673795072
8699293091226
8699514091059
8699578091248
8699808090096
8699777790119
8699540010321
8699638152537
8699508750634
8699638152544
8699828790099
8699527351546
8699527341523
8699832090093
8699636090763
8699514355717
8699708200519
8699769950095
8699530090029
8699530090029
8699673954271
8699514385721
8699517221194
8699525757678
8699525092373
8699543570013
8699525092366
8699673954196
8699505792330
8699769950064
8680656080285
8699561380205
8698760090120
8699561350185
8699552010524
8699673954158
8699673774213
8699636090329
8699556696427
8699548951565
8699535980516
8699636090725
8699514385899
8699673954288
8699548011146
8699673954165
8699738980153
8699560420025
8699502160170
8699844770013
8699673774206
8699686690029
8699738981051
8699522794720
8699673954172
8699832090079
8699673954226
8699673795126
8699548010774
8699708760402
8699517221187
8699673954301
8699523040017
8699769950101
8699569950011
8699832090185
8699832090116
8699673795102
8699525099006
8699556980175
8680678450080
8699525577702
8699502160163
8699522967346
8699708760457
8699540350212
8699832090178
8699673795119
8699591350360
8699525572400
8699717090316
8699769980054
8699769950071
8699541030816
8699738980122
8699593755323
8699769980184
8699736690108
8699673774152
8699502160132
8699560570027
8699506012031
8699606380061
8699540014701
8699738980184
8699525592385
8699540010451
8699561350048
8680656080087
8699686690012
8699556980021
8699556696526
8699738980191
8699738981082
8699525099013
