2745830474
3773670531
3803677749
3589491345
1182511764
1666003130
374807674
1275651528
2155055773
4063623284
3991383144
271519657
363843461
1715832864
2525781001
260152519
95843396
251313978
3856323313
1174349770
1725882921
1074233544
1098707900
1384270230
3473363504
3358420577
492787072
4240728949
3482532976
1772290953
1937832755
2000781473
1349314797
3598511553
3285521915
4118702349
229080878
3653606939
1022096488
3173521591
2881672690
2686098307
176060423
1119851304
3611751856
2032114692
819548964
1236931610
607181405
1167166163
1510093200
1589315097
2161027651
1783993541
3036182789
127255091
2881573125
2185128907
3276664481
3401859506
544716665
136739392
4281777243
3415801464
379496840
1764574886
948804426
508106731
2387300545
4082059995
858130289
116634327
262522040
2625760315
4054031792
2271878232
506711046
3454074724
1610668965
1747368479
1787259004
1929080172
543957011
1125583032
934987155
2075774
3340927921
2446743676
3909359406
1336223922
732927994
3954674975
1180764860
1051649953
2360134
1766783422
1089813144
5067347
1433134125
682235242
3703149644
3627153649
666245486
3162337465
3453111907
1574170169
4190025350
3001918711
752900921
632520449
4004662774
1153127012
2366247663
4173307976
1138013894
359766890
2940319056
3534843106
1956846196
2188731643
2030257961
3738915669
1531767265
4136325748
2293071837
768842909
99778156
532709019
1448079647
533741964
1555354028
3684540455
3966629226
3234196378
2950276927
640166868
3245444763
1418247455
3467598879
3327070295
858710853
772760265
1648269945
1770908800
1215744070
2163913923
3027789419
1794770835
1436069060
495115813
1059937947
693737218
512570204
3170278563
354830898
2110254699
4109256543
4274658265
473736742
2871853918
3196133236
3214355422
2059367435
3215561228
3911657677
2387577340
2582822282
775617154
3390102473
2429732554
3080990798
2277195908
104692910
3132774513
2172207458
444394131
834273240
1277898783
626599784
2073219482
4076274680
3021439114
2398864895
215096891
742879543
3679986779
4017684307
3645243252
2525295872
1830816926
568390560
1308616729
3922825173
2856154654
2341682291
2348869751
2884601162
748588502
1507919280
2162044730
2342098666
2788605819
1943588981
143939072
928447970
1152853396
1994445153
2310305886
4139014027
4271003720
608516903
2862180395
230089218
1887951492
1041449691
2352582008
527942893
3691991734
3146039110
2784835702
4280092196
262878567
1727453713
3208611898
197776646
365735167
3641898174
4196978120
1920744531
2309333909
486678514
3357249498
1056177830
777333523
2966165858
4129756227
2364841156
1994478055
507915244
1618170926
2240655994
1602162595
743228591
3739572239
967946623
3706561847
3040697466
1492324841
818183235
2333814764
2072405197
52303217
958491663
1578354741
3322895253
182264335
3109278009
906010210
2407183520
1727530703
1722150876
1136626885
2887799631
3693778300
2397674742
1892483514
3488938407
3840534619
2834956084
3945497458
3827445560
752587130
2284259008
2895062375
563385805
700938048
2230223836
3381020503
2638132558
4243757516
1338257739
46226843
3283816672
2395112812
2575622104
3804579016
710189164
3473578280
3490581723
3901752513
4057894320
3337261651
2210760622
4238708698
4021750594
2637893818
2269986684
1107253248
254734361
4265119615
1283495247
212576443
3659906332
2227855952
2712137954
1645790306
428462483
2178483619
2689904926
76653308
1137651593
1409036524
3481420187
3347297253
1334045527
3860593940
2403992554
1371155221
1835852153
3245114391
1885857435
1759100376
1903775454
4028111622
2572743955
2031237495
31078390
1592326839
249903644
2016286731
3641103360
2443798868
3919101559
1403271061
3844599633
625452799
3568595239
2801248482
1938804276
1789594665
1520598891
2255807207
1114715645
3598602657
1981338692
903712023
4148271903
2755862231
580780354
4185278301
305764261
1885942323
1452878844
3654560455
2171162810
867223993
3391395118
348179680
628592544
2511227658
924607471
3590716570
387678062
1509056166
2415701505
2077278965
4173381177
61425822
2466289712
4255531505
3556204656
2840003950
401151086
1469396008
3712875757
3487562408
1592228246
3272200181
1049107451
2944914179
693619693
3597549625
3631993858
3440049838
2921705007
544399322
2834266328
414668626
688322321
2480969692
473402464
2057291026
2970315333
2217057598
2512019260
487371170
1010173540
3913568836
2875245497
836437694
4077265852
1841727168
764230407
2933934258
562358186
3800377556
