7531845105175
9695041605900
3126185921650
7429468439592
7651535926853
4789771114476
2730742262184
8691510706549
1115928161898
6254820969606
2190677019109
6138159040054
1656363585900
9443957376767
4333905389519
7760263158143
4875783609636
8705559507723
6708789866774
2173812183969
4185298877462
6352418556173
4679802910099
5145707817030
4914939286199
5126650670708
7495386908555
6664249737555
2508202248161
6808416489802
7093240596759
8430269133936
5233554349205
1719189191705
9912048457937
6722581693796
7027775658189
5041894409788
6889101213753
7754660273318
5562775829279
2812330332430
4417393693828
2158083256067
9124224331743
8240334190415
3547919377868
7297919251276
9532264553150
6470558218168
8730606570391
8014351656179
4200406165680
4640949005763
2551632450788
2481071318911
4966553796183
8924159763157
5559298771757
8347882889462
9520500825382
4227735668376
6051296384817
5822446688269
2339485081692
9965105265048
1144028757168
3437404656759
7605536968322
9106771030795
2507419858445
2318938732143
8411933842102
4394859608269
6725155887248
4867368113593
2152583156418
5045855740776
6715045879005
2196912021912
4848963919888
4728971118342
1483670050822
7022716175618
8577505896159
2461052183638
5767176811888
6092574784837
7126690275548
8063416112723
8448792513478
6646203665966
5560705976166
5678597488642
3440877159590
3534788830690
5432084474343
2355764405065
3849468170068